Easy1
061000430
000807000
980040056
007105900
800000002
009602800
230010047
000503000
095000120
Key:
761259438
543867291
982341756
327185964
856794312
419632875
238916547
174523689
695478123
Data:
099000990
000909000
990090099
009909900
900000009
009909900
990090099
000909000
099000990


Easy2
610000204
073400085
800790060
000801740
001030600
036509000
090025007
540003890
307000012
Key:
619358274
273416985
854792361
925861743
481237659
736549128
198625437
542173896
367984512
Data:
990000909
099900099
900990090
000909990
009090900
099909000
090099009
990009990
909000099
